%% MATLAB default color order (RGB)
% Order matches MATLAB default axes ColorOrder

blueColor       = [0.0000 0.4470 0.7410]; % blue
redColor        = [0.8500 0.3250 0.0980]; % red
yellowColor     = [0.9290 0.6940 0.1250]; % yellow
purpleColor     = [0.4940 0.1840 0.5560]; % purple
greenColor      = [0.4660 0.6740 0.1880]; % green
lightBlueColor  = [0.3010 0.7450 0.9330]; % light blue
darkRedColor    = [0.6350 0.0780 0.1840]; % dark red